[mounting]
delta_theta = [ 2.63213121159955321e-08, -0.231923745541985582, 6.50222213863359411, 0.0128800872653601212, -6.75796482454971148e-08, -7.09899853634093914e-07]
delta_a = [ 0.000143412481775750846, 0.0111645466532434012, -7.29306429188003591e-05, 0.00019069275578740042, 1.53107557356551335e-06, 0]
delta_d = [ 0.000229096222625319035, -204.077105406530421, 203.392323630684871, 0.685273448748187963, -0.000125249700421090071, -0.000130827480128062335]
delta_alpha = [ 0.000261142842141071085, 0.000478915073877239075, 0.00738088439942797669, 0.000252176196238407258, 0.00184534917359324702, 0]
joint_checksum = [ 0xb84e3393, 0xb858ac7b, 0x3948d4db, 0xa6e947f5, 0xa6e1a65c, 0xa6fdfb5d]
calibration_status = 2 # 0 == notInitialized / 1 == notLinearised / 2 == Linearised
joint_raw_offset = [ 1.11456692218780518, 1.16513276100158691, -5.13422203063964844, 3.13693451881408691, 3.08018922805786133, 3.1010136604309082]
joint_selftest_data_crc = [ 0x78bf8972, 0x78c38969, 0x78a4894f, 0x66a0846c, 0x669c848a, 0x66b7845b]
file_save_count = 1
